timestamp, p_x, p_y,p_z, q_x, q_y,q_z, q_w
DJI_0001.JPG,19.256670,-11.677642,6.314486,-0.922348,-0.046673,0.010963,0.383373
DJI_0002.JPG,19.125620,-8.264397,6.241768,-0.918188,-0.092176,0.032178,0.383925
DJI_0003.JPG,18.616221,-4.466356,6.243532,-0.908461,-0.158466,0.062413,0.381696
DJI_0004.JPG,18.061258,-0.766747,6.147165,-0.891533,-0.231094,0.095359,0.377719
DJI_0005.JPG,17.245279,2.959717,5.861265,-0.870971,-0.295375,0.125039,0.372193
DJI_0006.JPG,16.647748,5.966307,5.841155,-0.846201,-0.357048,0.150697,0.365720
DJI_0007.JPG,16.592978,2.540599,5.731056,-0.817880,-0.418175,0.173991,0.354865
DJI_0008.JPG,16.246836,-2.243235,5.661235,-0.753774,-0.524392,0.221347,0.328396
DJI_0009.JPG,14.891178,-6.271413,5.486917,-0.727807,-0.558551,0.238098,0.318789
DJI_0010.JPG,13.262606,-9.909209,5.340713,-0.753854,-0.521723,0.225062,0.329933
DJI_0011.JPG,10.904972,-13.173225,5.292437,-0.791018,-0.462753,0.202400,0.345231
DJI_0012.JPG,8.418559,-16.246121,5.092926,-0.821096,-0.407099,0.179836,0.357394
DJI_0013.JPG,5.408593,-18.763678,4.966441,-0.847439,-0.349228,0.155682,0.368306
DJI_0014.JPG,2.055736,-21.133528,4.780520,-0.869853,-0.290144,0.130706,0.376946
DJI_0015.JPG,-1.704810,-22.673451,4.608636,-0.888273,-0.230436,0.104856,0.383243
DJI_0016.JPG,-5.647935,-24.134590,4.529658,-0.903698,-0.164653,0.076447,0.387783
DJI_0017.JPG,-9.705226,-24.747386,4.623650,-0.913887,-0.101311,0.049085,0.390048
DJI_0018.JPG,-13.768718,-25.135092,4.665005,-0.919559,-0.038162,0.021582,0.390498
DJI_0019.JPG,-17.781504,-24.734243,4.742714,-0.920672,0.018758,-0.003480,0.389871
DJI_0020.JPG,-21.792010,-24.050968,4.809817,-0.917946,0.077302,-0.028732,0.388039
DJI_0021.JPG,-25.510668,-22.527127,4.866107,-0.911441,0.134850,-0.053384,0.385021
DJI_0022.JPG,-29.168751,-20.816603,5.099659,-0.900879,0.193629,-0.078432,0.380491
DJI_0023.JPG,-32.406233,-18.481293,5.329474,-0.885940,0.252526,-0.103585,0.374981
DJI_0024.JPG,-35.544896,-15.928390,5.622062,-0.867537,0.309471,-0.127837,0.367785
DJI_0025.JPG,-38.109653,-12.783925,5.965810,-0.845523,0.363915,-0.151801,0.360019
DJI_0026.JPG,-40.375546,-9.445071,6.405246,-0.820736,0.416172,-0.174414,0.350390
DJI_0027.JPG,-42.035645,-5.688496,6.599443,-0.793605,0.465041,-0.195679,0.340055
DJI_0028.JPG,-43.374362,-1.786166,6.783549,-0.763046,0.513429,-0.216161,0.327758
DJI_0029.JPG,-43.993222,2.221590,6.819299,-0.726347,0.563655,-0.237957,0.313193
DJI_0030.JPG,-44.196375,6.353621,6.791394,-0.686261,0.610934,-0.259030,0.297841
DJI_0031.JPG,-43.709791,10.342815,6.642513,-0.638199,0.660326,-0.280842,0.278925
DJI_0032.JPG,-42.724216,14.254759,6.553219,-0.594768,0.699353,-0.298130,0.261294
DJI_0033.JPG,-41.162652,18.038034,6.436595,-0.560738,0.726372,-0.311041,0.247406
DJI_0034.JPG,-39.197716,21.738475,6.375705,-0.500926,0.768767,-0.329473,0.222527
DJI_0035.JPG,-36.695400,25.001126,6.341041,-0.448532,0.800113,-0.344048,0.200674
DJI_0036.JPG,-33.761662,28.020484,6.325507,-0.391429,0.829173,-0.357732,0.176870
DJI_0037.JPG,-30.507222,30.464922,6.278173,-0.332130,0.854254,-0.370045,0.151679
DJI_0038.JPG,-27.001596,32.562085,6.188900,-0.271086,0.875427,-0.379873,0.125846
DJI_0039.JPG,-23.185669,34.091130,6.032290,-0.220305,0.889480,-0.386668,0.103821
DJI_0040.JPG,-19.267473,35.075136,5.935589,-0.154439,0.903357,-0.392901,0.075651
DJI_0041.JPG,-15.217526,35.592461,5.829706,-0.095486,0.911615,-0.396629,0.050254
DJI_0042.JPG,-11.126459,35.604723,5.750958,-0.024122,0.916445,-0.398946,0.019706
DJI_0043.JPG,-7.305504,34.990105,5.808301,-0.028293,-0.916238,0.399614,0.004033
DJI_0044.JPG,-3.410870,33.876187,5.840863,-0.091515,-0.911991,0.398553,0.032462
DJI_0045.JPG,0.214907,32.348810,5.899976,-0.151811,-0.903872,0.395477,0.059719
DJI_0046.JPG,3.700996,30.257530,5.843433,-0.214741,-0.891177,0.389920,0.087478
DJI_0047.JPG,6.988818,27.740906,5.715223,-0.276881,-0.873879,0.382681,0.115010
DJI_0048.JPG,9.769359,24.686256,5.624526,-0.337447,-0.852411,0.373330,0.141947
DJI_0049.JPG,12.224697,21.491919,5.575874,-0.395573,-0.827169,0.362162,0.167785
DJI_0050.JPG,14.056610,17.861612,5.488063,-0.452706,-0.797481,0.348976,0.193126
DJI_0051.JPG,15.633769,14.108781,5.390901,-0.506063,-0.764436,0.335098,0.217364
DJI_0052.JPG,16.616267,10.113740,5.382686,-0.514819,-0.758287,0.331802,0.223313
DJI_0083.JPG,-15.665474,-24.977173,-4.873465,-0.917639,-0.022894,0.009561,0.396640
DJI_0084.JPG,-19.659976,-24.234768,-5.054391,-0.917313,0.034632,-0.014950,0.396375
DJI_0085.JPG,-23.668854,-23.151585,-5.029284,-0.913395,0.095269,-0.040791,0.393661
DJI_0086.JPG,-27.407123,-21.490898,-4.775634,-0.905869,0.154082,-0.065898,0.388994
DJI_0087.JPG,-30.947611,-19.720458,-4.550319,-0.895044,0.210102,-0.089517,0.383067
DJI_0088.JPG,-34.012656,-17.388559,-4.314080,-0.879156,0.268818,-0.114664,0.376396
DJI_0089.JPG,-36.855681,-14.708553,-4.266905,-0.859422,0.326514,-0.139155,0.367993
DJI_0090.JPG,-39.211214,-11.537222,-4.081441,-0.836885,0.380720,-0.162345,0.358219
DJI_0091.JPG,-41.117389,-8.010454,-3.939267,-0.810234,0.435222,-0.185115,0.346171
DJI_0092.JPG,-42.567277,-4.267615,-3.863895,-0.779377,0.488750,-0.207610,0.332555
DJI_0093.JPG,-43.573804,-0.321837,-3.873390,-0.745522,0.539515,-0.228777,0.317461
DJI_0094.JPG,-43.971750,3.672209,-3.958460,-0.709953,0.585620,-0.248156,0.302382
DJI_0096.JPG,-43.456086,11.504465,-3.825116,-0.625402,0.675841,-0.285428,0.265786
DJI_0097.JPG,-42.120102,15.287781,-4.069536,-0.579523,0.715856,-0.301952,0.246025
DJI_0098.JPG,-40.546075,19.027430,-4.193125,-0.531924,0.752192,-0.316904,0.225470
DJI_0099.JPG,-38.491401,22.402229,-4.194984,-0.480437,0.786257,-0.330847,0.203765
DJI_0100.JPG,-36.057375,25.532538,-4.126435,-0.428241,0.816040,-0.343058,0.181659
DJI_0101.JPG,-33.134467,28.275123,-4.147745,-0.371144,0.843554,-0.354679,0.157708
DJI_0102.JPG,-29.967164,30.729082,-4.110557,-0.312223,0.867073,-0.364595,0.133312
DJI_0103.JPG,-26.502874,32.534759,-4.114932,-0.253434,0.885908,-0.372927,0.108918
DJI_0104.JPG,-22.803268,34.046197,-4.248371,-0.190816,0.901422,-0.379691,0.082837
DJI_0105.JPG,-18.982460,34.877307,-4.424835,-0.133818,0.911506,-0.384425,0.058878
DJI_0106.JPG,-14.948010,35.305633,-4.413718,-0.067030,0.918795,-0.387783,0.030764
DJI_0107.JPG,-10.928691,34.978219,-4.468333,-0.001991,0.921141,-0.389209,0.003395
DJI_0108.JPG,-6.951808,34.286180,-4.434592,-0.059072,-0.919540,0.387872,0.022610
DJI_0109.JPG,-3.156194,33.049888,-4.388824,-0.123308,-0.913202,0.385204,0.049743
DJI_0110.JPG,0.718254,31.419313,-4.282465,-0.181148,-0.903482,0.381278,0.074378
DJI_0111.JPG,3.981217,29.158204,-4.172054,-0.241357,-0.889242,0.375462,0.100121
DJI_0112.JPG,7.090395,26.721016,-4.170609,-0.300585,-0.870799,0.368143,0.125811
DJI_0113.JPG,9.697948,23.694650,-4.252304,-0.356889,-0.848466,0.360662,0.150527
DJI_0114.JPG,12.075844,20.338052,-4.325627,-0.424429,-0.816323,0.348152,0.179631
DJI_0115.JPG,13.656723,16.702234,-4.356713,-0.473334,-0.788569,0.337061,0.201255
DJI_0116.JPG,15.115574,12.823682,-4.349130,-0.538436,-0.745732,0.318862,0.228686
DJI_0117.JPG,15.828609,8.765975,-4.206901,-0.510118,-0.765489,0.325704,0.218455
DJI_0118.JPG,16.557778,4.870212,-4.122780,-0.369876,-0.842375,0.356817,0.162104
DJI_0119.JPG,17.609859,0.918003,-4.112305,-0.316916,-0.863530,0.366341,0.140265
DJI_0120.JPG,18.489330,-2.952504,-4.053935,-0.318799,-0.862506,0.367118,0.140271
DJI_0135.JPG,29.335833,-13.126453,-4.371738,-0.729578,-0.557505,0.235063,0.318825
DJI_0136.JPG,27.733628,-16.553303,-4.338291,-0.746847,-0.533384,0.227262,0.325689
DJI_0137.JPG,26.037848,-20.229784,-4.379234,-0.775119,-0.491350,0.210547,0.336803
DJI_0138.JPG,23.781085,-23.319281,-4.463236,-0.797283,-0.453807,0.195411,0.346719
DJI_0139.JPG,21.232103,-26.630559,-4.559232,-0.824531,-0.402171,0.173948,0.357980
DJI_0140.JPG,18.365046,-29.514755,-4.657825,-0.840699,-0.367063,0.158869,0.365036
DJI_0141.JPG,15.205783,-31.941038,-4.711127,-0.858705,-0.322265,0.139637,0.373194
DJI_0142.JPG,12.042957,-34.323056,-4.850906,-0.874706,-0.275732,0.119106,0.380362
DJI_0143.JPG,8.343895,-35.959781,-4.779037,-0.886985,-0.232872,0.099811,0.386090
DJI_0144.JPG,4.629521,-37.505224,-4.696565,-0.897475,-0.187836,0.079448,0.391080
DJI_0145.JPG,0.780110,-38.560602,-4.840068,-0.904938,-0.146894,0.061203,0.394669
DJI_0146.JPG,-3.269066,-38.962804,-4.956267,-0.911072,-0.101052,0.042022,0.397455
DJI_0147.JPG,-7.332803,-39.416783,-5.088714,-0.915313,-0.052171,0.021571,0.398766
DJI_0148.JPG,-11.417102,-39.223112,-5.156586,-0.917022,-0.008144,0.002955,0.398743
DJI_0149.JPG,-15.441031,-38.595906,-5.158257,-0.916764,0.034824,-0.015139,0.397620
DJI_0150.JPG,-19.334149,-37.936024,-5.098403,-0.915118,0.075838,-0.032743,0.394633
DJI_0151.JPG,-23.065763,-36.546737,-4.969254,-0.910749,0.120317,-0.052038,0.391601
DJI_0152.JPG,-26.781345,-35.029849,-4.806847,-0.903382,0.168739,-0.072435,0.387533
DJI_0153.JPG,-30.196692,-33.143001,-4.658078,-0.894756,0.210366,-0.090274,0.383416
DJI_0154.JPG,-33.315478,-30.743896,-4.491147,-0.882894,0.255801,-0.109604,0.378221
DJI_0155.JPG,-36.406582,-28.288053,-4.473992,-0.869069,0.300180,-0.128609,0.371579
DJI_0156.JPG,-38.906991,-25.151825,-4.503014,-0.853902,0.341305,-0.146096,0.364716
DJI_0157.JPG,-41.162304,-21.984661,-4.435089,-0.836569,0.382085,-0.163728,0.356870
DJI_0158.JPG,-43.396528,-18.553945,-4.310249,-0.817527,0.422003,-0.180392,0.347881
DJI_0159.JPG,-44.965395,-14.950509,-4.238284,-0.795418,0.462145,-0.197440,0.338748
DJI_0160.JPG,-46.577115,-11.364061,-4.235276,-0.773724,0.498029,-0.212240,0.329047
DJI_0161.JPG,-47.579488,-7.428674,-4.202512,-0.747945,0.536028,-0.228159,0.318112
DJI_0162.JPG,-47.976242,-3.655478,-4.191931,-0.716867,0.577003,-0.245247,0.304996
DJI_0163.JPG,-48.347586,0.247576,-4.185677,-0.689331,0.609950,-0.258748,0.292973
DJI_0164.JPG,-47.891174,4.277042,-4.107112,-0.659942,0.641957,-0.271842,0.280124
DJI_0165.JPG,-47.327532,8.313712,-3.979416,-0.625757,0.675584,-0.285549,0.265473
DJI_0166.JPG,-46.364397,12.261475,-4.006050,-0.592228,0.705048,-0.297999,0.251735
DJI_0167.JPG,-44.837545,15.941043,-3.956348,-0.556831,0.733274,-0.310018,0.236932
DJI_0168.JPG,-43.270654,19.659235,-3.918067,-0.518130,0.761111,-0.321666,0.220869
DJI_0169.JPG,-40.995606,23.030540,-3.767546,-0.479990,0.785564,-0.332410,0.204944
DJI_0170.JPG,-38.560477,26.174761,-3.693103,-0.438713,0.809230,-0.342694,0.187720
DJI_0171.JPG,-36.010013,29.217409,-3.708289,-0.396672,0.830593,-0.351734,0.170437
DJI_0172.JPG,-32.875939,31.656591,-3.616990,-0.352126,0.850153,-0.360822,0.151836
DJI_0173.JPG,-29.682228,34.128594,-3.595194,-0.310573,0.865980,-0.368094,0.134651
DJI_0174.JPG,-26.228413,36.092183,-3.594679,-0.264970,0.880872,-0.374897,0.115356
DJI_0175.JPG,-22.499804,37.635317,-3.605688,-0.219900,0.892976,-0.380768,0.096193
DJI_0176.JPG,-18.782778,39.055824,-3.586085,-0.173204,0.903005,-0.385674,0.076400
DJI_0177.JPG,-14.792745,39.703642,-3.577918,-0.126285,0.910587,-0.389479,0.056475
DJI_0178.JPG,-10.856763,40.232796,-3.532197,-0.079205,0.915716,-0.392268,0.036280
DJI_0179.JPG,-6.819224,40.452948,-3.524282,-0.028061,0.918696,-0.393697,0.014566
DJI_0180.JPG,-2.734258,39.924816,-3.510525,-0.018732,-0.918804,0.394230,0.005608
DJI_0181.JPG,1.260466,39.427187,-3.600878,-0.065336,-0.916577,0.393651,0.025622
DJI_0182.JPG,5.094703,38.196656,-3.728009,-0.112798,-0.911794,0.392190,0.045776
DJI_0183.JPG,8.917768,36.657443,-3.856882,-0.160237,-0.904395,0.389865,0.066321
DJI_0184.JPG,12.557620,35.001278,-3.907474,-0.206072,-0.894987,0.386160,0.086103
DJI_0185.JPG,15.764430,32.604913,-3.878480,-0.251856,-0.882860,0.381761,0.106703
DJI_0186.JPG,18.990175,30.195122,-3.932691,-0.301176,-0.867029,0.375585,0.128417
DJI_0187.JPG,21.825592,27.266203,-3.875605,-0.342617,-0.851084,0.369725,0.146877
DJI_0188.JPG,24.254121,24.070904,-3.919592,-0.383587,-0.832902,0.362919,0.165607
DJI_0189.JPG,26.723013,20.870134,-4.000972,-0.429195,-0.810122,0.353468,0.185890
DJI_0190.JPG,28.474179,17.238015,-4.008227,-0.471098,-0.786091,0.343709,0.204919
DJI_0191.JPG,30.068224,13.502851,-3.990894,-0.512108,-0.759735,0.332565,0.223494
DJI_0192.JPG,31.301787,9.712590,-3.973537,-0.546653,-0.735121,0.321972,0.238959
DJI_0193.JPG,31.813701,5.629939,-4.020429,-0.520310,-0.753827,0.328494,0.230465
DJI_0194.JPG,32.441497,1.730440,-4.028386,-0.452137,-0.796624,0.345299,0.204282
DJI_0260.JPG,17.096095,-20.533559,-30.773623,-0.728335,-0.340647,0.251757,0.538615
DJI_0261.JPG,19.143131,-22.446074,-33.780187,-0.674757,-0.317547,0.282812,0.603229
DJI_0262.JPG,21.373358,-24.854058,-35.877535,-0.679049,-0.321775,0.279597,0.597644
DJI_0263.JPG,21.364077,-24.846086,-36.965833,-0.679443,-0.321731,0.279496,0.597268
DJI_0264.JPG,27.124747,-23.579257,-40.168489,-0.610396,-0.286752,0.313453,0.668534
DJI_0265.JPG,27.113634,-23.576531,-40.773860,-0.610075,-0.287099,0.313207,0.668793
DJI_0266.JPG,27.136342,-23.579024,-41.321124,-0.609803,-0.287038,0.313148,0.669094
DJI_0267.JPG,27.155437,-23.489901,-41.893837,-0.609469,-0.287058,0.313116,0.669406
DJI_0268.JPG,27.136547,-23.483454,-42.300384,-0.609553,-0.287088,0.312987,0.669376
DJI_0269.JPG,28.616363,-21.833503,-42.357204,-0.573664,-0.353711,0.383661,0.631349
DJI_0270.JPG,29.332876,-21.132536,-42.349137,-0.573585,-0.351945,0.384352,0.631988
DJI_0271.JPG,29.782868,-20.454650,-42.318720,-0.573710,-0.351305,0.384776,0.631972
DJI_0272.JPG,30.558876,-19.415377,-42.328370,-0.573389,-0.350588,0.385232,0.632384
DJI_0273.JPG,31.042743,-18.623416,-42.299781,-0.573350,-0.350390,0.385422,0.632413
DJI_0274.JPG,31.453222,-17.899986,-42.275473,-0.573214,-0.350327,0.385450,0.632554
DJI_0275.JPG,31.816062,-17.248232,-42.255230,-0.573151,-0.350414,0.385371,0.632611
DJI_0276.JPG,32.380080,-16.176074,-42.250519,-0.573155,-0.350114,0.385751,0.632541
DJI_0277.JPG,32.958418,-14.941183,-42.219446,-0.573008,-0.350132,0.385626,0.632742
DJI_0278.JPG,33.404744,-14.189634,-42.178797,-0.545192,-0.392635,0.429497,0.603437
DJI_0279.JPG,32.398881,-10.943128,-42.081913,-0.533502,-0.406394,0.447585,0.591512
DJI_0280.JPG,32.611424,-10.178571,-42.084062,-0.516594,-0.427815,0.474015,0.570451
DJI_0281.JPG,32.846577,-9.119632,-42.133830,-0.506061,-0.441603,0.485817,0.559349
DJI_0282.JPG,12.361409,-25.295986,-43.891631,-0.658151,-0.217638,0.233155,0.681990
DJI_0283.JPG,10.128125,-25.662016,-43.883165,-0.645851,-0.262230,0.279584,0.660260
DJI_0284.JPG,8.835401,-25.624677,-43.819549,-0.658496,-0.216516,0.234765,0.681461
DJI_0285.JPG,8.848567,-25.656174,-43.808923,-0.631622,-0.279205,0.304473,0.656044
DJI_0286.JPG,7.101657,-25.990324,-43.844724,-0.668913,-0.174419,0.192051,0.696599
DJI_0287.JPG,5.224541,-25.869356,-43.857895,-0.669678,-0.170172,0.187666,0.698108
DJI_0288.JPG,3.167658,-25.722346,-43.910385,-0.664931,-0.185338,0.204720,0.693978
DJI_0289.JPG,2.043673,-25.575433,-43.932421,-0.661697,-0.196654,0.216834,0.690266
DJI_0290.JPG,-0.103090,-25.137839,-44.014832,-0.667374,-0.175451,0.194335,0.697182
DJI_0291.JPG,-1.888653,-24.647378,-44.068317,-0.667967,-0.170077,0.188481,0.699549
DJI_0292.JPG,-3.505163,-24.470117,-44.136906,-0.667007,-0.171986,0.190531,0.699443
DJI_0293.JPG,-5.296026,-24.568313,-44.121654,-0.673319,-0.144651,0.161532,0.706842
DJI_0294.JPG,-6.542866,-24.638619,-44.169220,-0.662019,-0.187419,0.206178,0.695770
DJI_0295.JPG,-8.310694,-24.945522,-44.161706,-0.659494,-0.198952,0.217799,0.691411
DJI_0296.JPG,-9.562051,-24.869859,-44.205240,-0.673943,-0.144903,0.160138,0.706513
DJI_0297.JPG,-10.583639,-24.685560,-44.232075,-0.680905,-0.106901,0.120171,0.714492
DJI_0298.JPG,-11.545279,-24.547581,-44.285059,-0.682181,-0.096276,0.109088,0.716561
DJI_0299.JPG,-13.249459,-24.440636,-44.411789,-0.680249,-0.105909,0.118925,0.715473
DJI_0300.JPG,-14.402665,-24.346927,-44.437348,-0.681440,-0.097352,0.110635,0.716884
DJI_0301.JPG,-15.627515,-24.375856,-44.524479,-0.678986,-0.112045,0.126346,0.714466
DJI_0302.JPG,-16.445761,-24.255742,-44.577420,-0.676555,-0.119268,0.135494,0.713925
DJI_0303.JPG,-15.633031,-23.864111,-44.557474,-0.661149,0.191762,-0.193975,0.698916
DJI_0304.JPG,-15.046448,-23.530572,-44.490281,-0.656305,0.210095,-0.212167,0.692899
DJI_0305.JPG,-1.678798,-24.540152,-44.221897,-0.724100,0.001870,-0.011480,0.689597
DJI_0306.JPG,-0.400243,-24.435853,-43.896068,-0.663946,-0.039285,0.045511,0.745359
DJI_0307.JPG,0.880206,-24.260705,-44.039870,-0.678753,-0.044849,0.051510,0.731184
DJI_0308.JPG,2.353885,-24.277027,-44.070622,-0.680056,-0.043426,0.048822,0.730243
DJI_0309.JPG,3.589568,-24.280016,-44.072977,-0.678718,-0.043905,0.049246,0.731429
DJI_0310.JPG,4.903957,-24.302061,-44.125292,-0.676502,-0.059630,0.065493,0.731095
DJI_0311.JPG,5.884367,-24.413591,-44.029259,-0.669850,-0.106011,0.114778,0.725871
DJI_0312.JPG,7.134929,-24.545669,-44.043498,-0.637500,-0.228390,0.258912,0.688764
DJI_0313.JPG,8.262226,-24.421243,-44.060497,-0.626852,-0.252413,0.283862,0.680270
DJI_0314.JPG,9.299233,-24.445667,-44.082674,-0.678674,-0.250427,0.248952,0.643981
DJI_0520.JPG,20.034271,-11.776444,-26.389222,-0.821190,-0.347617,0.190986,0.410285
DJI_0521.JPG,17.852802,-13.972451,-25.695088,-0.840931,-0.310054,0.155583,0.415326
DJI_0522.JPG,17.066094,-14.462998,-25.595938,-0.861120,-0.252344,0.124819,0.423338
DJI_0523.JPG,17.063102,-14.514773,-25.567576,-0.837961,-0.322161,0.156811,0.411636
DJI_0524.JPG,14.749579,-17.054762,-25.771420,-0.841333,-0.313193,0.150854,0.413898
DJI_0525.JPG,12.422125,-19.446869,-25.761432,-0.878014,-0.184965,0.091047,0.431960
DJI_0526.JPG,8.344437,-21.739717,-25.568642,-0.892867,-0.096321,0.047826,0.437290
DJI_0527.JPG,5.470147,-22.908243,-25.423682,-0.892557,-0.098845,0.047246,0.437425
DJI_0528.JPG,3.092954,-23.468739,-25.495069,-0.892784,-0.102085,0.047512,0.436187
DJI_0529.JPG,1.041246,-24.079349,-25.681184,-0.896639,-0.052018,0.024343,0.439023
DJI_0530.JPG,-2.178575,-24.673618,-25.902594,-0.896281,-0.054172,0.024130,0.439504
DJI_0531.JPG,-5.499495,-24.614954,-25.801065,-0.897091,-0.056240,0.024235,0.437582
DJI_0532.JPG,-7.485226,-24.700389,-25.822735,-0.897219,-0.057016,0.025003,0.437175
DJI_0533.JPG,-11.168579,-24.811558,-25.917512,-0.897587,-0.057906,0.024649,0.436322
DJI_0534.JPG,-14.806436,-24.930426,-26.095481,-0.897636,-0.058469,0.024316,0.436165
DJI_0535.JPG,-16.051912,-25.239604,-26.001075,-0.897297,-0.059116,0.025532,0.436705
DJI_0536.JPG,-14.654863,-25.154753,-26.077082,-0.896898,-0.058137,0.028536,0.437470
DJI_0537.JPG,-10.865540,-24.845642,-25.962975,-0.897147,-0.058357,0.030214,0.436816
DJI_0538.JPG,-5.481375,-24.636406,-25.785921,-0.897120,-0.060367,0.026139,0.436862
DJI_0539.JPG,-2.481584,-24.820614,-25.601828,-0.896966,-0.060937,0.024030,0.437221
DJI_0540.JPG,0.572568,-25.061605,-25.434018,-0.896735,-0.061134,0.023530,0.437693
DJI_0541.JPG,3.192514,-24.726981,-25.346318,-0.871235,-0.222773,0.099037,0.426044
DJI_0542.JPG,9.747539,-21.701817,-25.225311,-0.870795,-0.221144,0.103146,0.426816
DJI_0543.JPG,11.566412,-21.087743,-25.047288,-0.829133,-0.349322,0.159152,0.406428
DJI_0544.JPG,15.653920,-17.608181,-24.843110,-0.830623,-0.342992,0.166956,0.405644
DJI_0546.JPG,23.411212,-11.782781,-24.879008,-0.787804,-0.432730,0.202952,0.388485
DJI_0547.JPG,26.701412,-5.337031,-24.922615,-0.745856,-0.499193,0.247523,0.365017
DJI_0223.JPG,52.525643,1.856472,39.386921,-0.692685,-0.669771,0.186331,0.192031
DJI_0224.JPG,50.590531,1.735323,39.196698,-0.692357,-0.668728,0.187836,0.195350
DJI_0225.JPG,46.121316,1.677563,39.150250,-0.692055,-0.668657,0.188310,0.196207
DJI_0226.JPG,40.973539,1.612157,39.023304,-0.691702,-0.668569,0.188896,0.197188
DJI_0227.JPG,36.185352,1.490057,38.937119,-0.691517,-0.668452,0.189262,0.197877
DJI_0228.JPG,29.938131,1.236934,38.845658,-0.691134,-0.668452,0.189682,0.198813
DJI_0229.JPG,23.755516,1.030206,38.765629,-0.690901,-0.668414,0.190070,0.199381
DJI_0230.JPG,15.583936,0.777652,38.697473,-0.690641,-0.668501,0.190481,0.199597
DJI_0231.JPG,7.403921,0.526259,38.608291,-0.690572,-0.668484,0.190736,0.199647
DJI_0232.JPG,-0.766142,0.345063,38.496075,-0.690343,-0.668589,0.191179,0.199662
DJI_0233.JPG,0.274855,-1.238922,21.590497,-0.693561,-0.666442,0.189501,0.197276
DJI_0234.JPG,0.367084,-1.317421,18.774795,-0.693681,-0.666579,0.188928,0.196939
DJI_0235.JPG,6.009521,-1.914809,10.837465,-0.694081,-0.666109,0.188335,0.197685
DJI_0236.JPG,9.964831,-2.223462,9.778348,-0.694399,-0.666620,0.186955,0.196153
DJI_0237.JPG,14.842132,-2.464838,9.685659,-0.694594,-0.667017,0.185795,0.195211
DJI_0238.JPG,17.487602,-2.557604,9.696587,-0.694462,-0.667243,0.185550,0.195143
DJI_0239.JPG,20.229147,-2.677499,9.744524,-0.694567,-0.667392,0.185166,0.194621
DJI_0240.JPG,24.564748,-2.861465,6.837522,-0.694668,-0.667853,0.184576,0.193238
DJI_0241.JPG,24.885739,-2.878975,3.755939,-0.694349,-0.667765,0.185117,0.194165
DJI_0242.JPG,24.873197,-3.021194,1.120135,-0.693979,-0.667882,0.185625,0.194602
DJI_0243.JPG,24.644512,-3.144678,-2.183701,-0.693616,-0.668022,0.185620,0.195417
DJI_0244.JPG,24.317897,-3.458168,-6.047032,-0.693369,-0.667939,0.185768,0.196435
DJI_0245.JPG,25.250910,-3.838661,-9.202869,-0.693330,-0.667613,0.186101,0.197364
DJI_0246.JPG,27.573895,-4.141415,-12.514760,-0.693548,-0.667086,0.186513,0.197990
DJI_0247.JPG,30.606317,-4.256548,-14.752999,-0.639183,-0.611583,0.324587,0.334745
DJI_0248.JPG,29.614232,-7.151587,-14.904447,-0.811497,-0.354355,0.194210,0.422124
DJI_0249.JPG,29.729912,-7.757387,-14.819493,-0.757227,-0.458303,0.244227,0.396131
DJI_0250.JPG,27.201315,-13.994640,-14.983147,-0.754794,-0.462192,0.242062,0.397582
DJI_0251.JPG,25.516562,-19.013475,-15.133046,-0.808525,-0.359684,0.188660,0.425820
DJI_0252.JPG,18.448705,-20.272404,-15.229928,-0.867237,-0.169494,0.090326,0.459362
DJI_0253.JPG,17.702184,-20.693192,-15.054637,-0.805344,-0.368697,0.186781,0.424967
DJI_0254.JPG,17.708143,-20.741153,-17.986905,-0.803749,-0.371460,0.188874,0.424654
DJI_0255.JPG,17.680546,-20.761967,-20.299299,-0.802864,-0.372553,0.190196,0.424781
DJI_0256.JPG,17.658287,-20.720000,-22.337429,-0.802469,-0.373365,0.190984,0.424462
DJI_0257.JPG,17.671093,-20.659866,-24.602493,-0.802239,-0.374003,0.191316,0.424184
DJI_0258.JPG,17.312594,-20.881209,-27.851158,-0.801643,-0.375844,0.191987,0.423380
DJI_0259.JPG,17.209112,-20.734590,-28.904529,-0.762677,-0.358196,0.227389,0.488174
DJI_0315.JPG,19.872051,-48.286598,15.674462,-0.915481,-0.374896,0.044710,0.139099
DJI_0316.JPG,15.624789,-42.548199,15.778480,-0.910682,-0.386588,0.048645,0.137262
DJI_0317.JPG,9.624821,-35.977403,15.877710,-0.910805,-0.386333,0.051366,0.136169
DJI_0318.JPG,3.779971,-30.054516,15.775519,-0.911289,-0.385378,0.053293,0.134893
DJI_0319.JPG,-1.790400,-24.362742,15.787088,-0.911752,-0.384187,0.054938,0.134499
DJI_0320.JPG,-6.968339,-18.909840,15.971795,-0.911195,-0.385117,0.056488,0.134971
DJI_0321.JPG,-12.689744,-13.044222,16.026862,-0.911188,-0.384909,0.057531,0.135169
DJI_0322.JPG,-18.426686,-7.323449,16.083920,-0.911330,-0.384415,0.058202,0.135332
DJI_0323.JPG,-24.007755,-1.640785,16.111168,-0.911317,-0.384213,0.058325,0.135938
DJI_0324.JPG,-29.406819,3.230086,16.217990,-0.911505,-0.383179,0.055419,0.138783
DJI_0325.JPG,-35.690084,1.871333,16.001505,-0.978286,-0.144105,0.019492,0.147686
DJI_0326.JPG,-43.694061,-0.758309,16.099815,-0.950482,0.275534,-0.034785,0.139482
DJI_0327.JPG,-51.390729,-2.834086,16.441793,-0.727535,0.672756,-0.086691,0.102840
DJI_0328.JPG,-56.104061,-4.480650,16.421436,-0.440123,0.888382,-0.117291,0.057555
DJI_0329.JPG,-51.571613,-8.467160,16.487839,-0.388892,0.911580,-0.122970,0.051617
DJI_0330.JPG,-44.935175,-14.742315,16.593076,-0.385775,0.912428,-0.125828,0.053094
DJI_0331.JPG,-42.244001,-19.385608,16.556267,-0.407565,0.902278,-0.127447,0.059514
DJI_0332.JPG,-46.056163,-24.927864,16.496952,-0.668160,0.730618,-0.104409,0.094115
DJI_0333.JPG,-49.312271,-29.571916,16.584201,-0.886220,0.443318,-0.065197,0.117616
DJI_0334.JPG,-46.647615,-26.449612,16.388468,-0.917018,0.375412,-0.055108,0.122914
DJI_0335.JPG,-40.418939,-20.123795,16.328961,-0.918925,0.369774,-0.054045,0.126188
DJI_0336.JPG,-34.322171,-14.145709,16.185653,-0.920425,0.365061,-0.053034,0.129368
DJI_0337.JPG,-28.552161,-8.409060,15.963638,-0.921408,0.361922,-0.052435,0.131419
DJI_0338.JPG,-22.965284,-2.882509,15.885324,-0.922538,0.358572,-0.051936,0.132864
DJI_0339.JPG,-17.387206,2.773176,15.955390,-0.922932,0.357268,-0.052120,0.133565
DJI_0340.JPG,-11.911205,8.292417,15.974156,-0.923427,0.355842,-0.051694,0.134113
DJI_0341.JPG,-6.356285,13.973763,15.931024,-0.923949,0.354514,-0.051183,0.134230
DJI_0342.JPG,-0.662141,19.712643,15.809321,-0.924415,0.353294,-0.050611,0.134455
DJI_0343.JPG,4.952856,25.354928,15.634852,-0.928152,0.342967,-0.049696,0.135785
DJI_0344.JPG,10.987447,31.199429,15.594886,-0.927296,0.344986,-0.050381,0.136269
DJI_0345.JPG,14.425769,36.466645,15.632179,-0.918840,0.366546,-0.058353,0.134058
DJI_0346.JPG,11.865937,43.446712,15.768128,-0.738433,0.658760,-0.095839,0.107549
DJI_0347.JPG,9.702217,51.174422,16.181411,-0.393410,0.909062,-0.124054,0.058705
DJI_0348.JPG,7.574854,58.870584,16.162472,-0.059883,-0.989380,0.132305,0.006136
DJI_0349.JPG,5.927534,60.902341,15.990671,-0.332144,-0.933936,0.124275,0.044711
DJI_0350.JPG,1.589194,55.421677,16.064180,-0.362823,-0.922211,0.124445,0.048991
DJI_0351.JPG,-4.910921,48.644181,16.154113,-0.365813,-0.920659,0.126675,0.050208
DJI_0352.JPG,-10.662666,42.725918,16.085709,-0.369604,-0.918696,0.129330,0.051616
DJI_0353.JPG,-16.180546,37.128016,15.991406,-0.374443,-0.916343,0.131407,0.053290
DJI_0354.JPG,-21.704749,31.624899,15.995852,-0.377141,-0.915006,0.132592,0.054302
DJI_0355.JPG,-27.343635,25.885972,15.948732,-0.379358,-0.913876,0.133802,0.054916
DJI_0356.JPG,-31.672038,19.708654,16.011374,-0.379518,-0.913635,0.133137,0.059267
DJI_0357.JPG,-30.921911,11.838924,15.902337,-0.259733,-0.954410,0.140820,0.042545
DJI_0358.JPG,-30.758135,4.038417,15.786557,-0.082100,-0.985590,0.146795,0.017955
DJI_0359.JPG,-30.858181,-4.186482,15.764686,-0.101787,0.983957,-0.146256,0.008734
DJI_0360.JPG,-30.989220,-12.301540,15.593841,-0.278626,0.949385,-0.140762,0.034942
DJI_0361.JPG,-31.272909,-20.188888,15.363400,-0.452095,0.880467,-0.129985,0.059085
DJI_0362.JPG,-31.600681,-28.260523,15.280641,-0.606178,0.782962,-0.114859,0.079542
DJI_0363.JPG,-31.919124,-36.036423,15.327999,-0.740879,0.657583,-0.095801,0.097495
DJI_0364.JPG,-32.295682,-44.279087,15.530199,-0.845311,0.516788,-0.076110,0.112193
DJI_0365.JPG,-31.744396,-46.649780,15.584043,-0.904343,0.405710,-0.062011,0.117121
DJI_0366.JPG,-26.825356,-41.003960,15.496179,-0.913894,0.383050,-0.057163,0.121666
DJI_0367.JPG,-20.824367,-34.742943,15.419126,-0.916285,0.376245,-0.055305,0.125710
DJI_0368.JPG,-15.102412,-29.071142,15.284227,-0.917429,0.372665,-0.053990,0.128572
DJI_0369.JPG,-9.465397,-23.409467,15.213439,-0.918065,0.370593,-0.052874,0.130471
DJI_0370.JPG,-3.805416,-17.732501,15.157747,-0.918774,0.368395,-0.052238,0.131948
DJI_0371.JPG,1.767669,-12.215112,15.079510,-0.919587,0.366132,-0.051674,0.132807
DJI_0372.JPG,7.556138,-6.380265,15.050012,-0.920224,0.364292,-0.051592,0.133479
DJI_0373.JPG,13.144854,-0.758964,15.030410,-0.920806,0.362686,-0.051382,0.133923
DJI_0374.JPG,18.837351,5.015885,15.088365,-0.921466,0.360918,-0.051044,0.134287
DJI_0375.JPG,24.487912,10.775902,15.167466,-0.922176,0.359082,-0.050651,0.134484
DJI_0376.JPG,29.886434,16.249490,15.233982,-0.922627,0.357464,-0.050380,0.135796
DJI_0377.JPG,36.481264,15.787335,15.387704,-0.864464,0.481731,-0.064650,0.128283
DJI_0378.JPG,44.340791,13.191990,15.430388,-0.574099,0.807173,-0.106507,0.086824
DJI_0379.JPG,52.107166,10.976663,15.544835,-0.142266,0.980909,-0.129901,0.026514
DJI_0380.JPG,58.396840,9.421781,15.659195,-0.290489,-0.947809,0.127020,0.033755
DJI_0381.JPG,58.470573,7.713928,15.567016,-0.369739,-0.919420,0.126110,0.045345
DJI_0382.JPG,53.983673,4.714563,15.432064,-0.378175,-0.915508,0.128691,0.047609
DJI_0383.JPG,47.594619,-0.317260,15.289794,-0.381188,-0.913722,0.131538,0.050052
DJI_0384.JPG,41.380911,-6.358638,15.218441,-0.383786,-0.912103,0.134168,0.052688
DJI_0385.JPG,35.626738,-12.131401,15.169378,-0.386128,-0.910693,0.136282,0.054498
DJI_0386.JPG,31.984070,-17.700346,15.313062,-0.390675,-0.908293,0.136922,0.060253
DJI_0387.JPG,34.024151,-25.301883,15.390086,-0.664133,-0.732904,0.112872,0.095074
DJI_0388.JPG,36.143200,-33.224420,15.321620,-0.918378,-0.370064,0.059652,0.126791
DJI_0389.JPG,37.390852,-37.284967,15.126598,-0.990704,-0.033946,0.008909,0.131432
DJI_0390.JPG,38.027228,-33.253534,15.020534,-0.991111,-0.004207,0.001222,0.132968
DJI_0391.JPG,37.255343,-24.833633,14.928531,-0.990583,0.000960,-0.002478,0.136890
DJI_0392.JPG,36.820733,-16.121657,14.944249,-0.990097,-0.000439,-0.004649,0.140307
DJI_0393.JPG,36.602217,-8.025209,14.929378,-0.989752,-0.001060,-0.006105,0.142662
DJI_0394.JPG,36.569001,-0.256052,14.826511,-0.989472,-0.005822,-0.005476,0.144501
DJI_0395.JPG,36.417474,7.789576,14.755117,-0.989136,-0.010127,-0.005226,0.146561
DJI_0396.JPG,36.216438,15.738554,14.722266,-0.988907,-0.013869,-0.004788,0.147807
DJI_0397.JPG,33.173296,22.220823,14.700868,-0.985716,0.076899,-0.022029,0.148208
DJI_0398.JPG,27.843152,28.336374,14.687132,-0.916389,0.371874,-0.057656,0.136441
DJI_0399.JPG,23.001624,34.614500,14.807539,-0.757717,0.637131,-0.088332,0.110121
DJI_0400.JPG,18.376108,41.004165,15.058202,-0.531497,0.836258,-0.111989,0.075106
DJI_0401.JPG,13.479843,47.241202,15.122021,-0.248072,0.959855,-0.126582,0.033413
DJI_0402.JPG,11.857265,48.654227,14.892858,-0.040794,0.990623,-0.130340,0.003759
DJI_0403.JPG,12.414082,42.594642,14.758858,-0.013537,0.990918,-0.133773,0.001697
DJI_0404.JPG,12.208761,33.763666,14.881744,-0.012472,0.990364,-0.137898,0.002855
DJI_0405.JPG,12.179178,25.323497,14.890162,-0.011326,0.989861,-0.141543,0.003445
DJI_0406.JPG,12.312927,17.477420,14.795923,-0.010252,0.989607,-0.143368,0.004378
DJI_0407.JPG,12.345679,9.351462,14.734532,-0.007998,0.989376,-0.145087,0.004650
DJI_0408.JPG,12.441418,1.346932,14.706918,-0.006572,0.989248,-0.146033,0.004372
DJI_0409.JPG,12.019197,-6.474213,14.728756,-0.002716,0.989042,-0.147506,0.005438
DJI_0413.JPG,-7.335861,-31.768758,14.543212,-0.908518,-0.393810,0.059351,0.126439
DJI_0414.JPG,-11.214974,-37.118254,14.300274,-0.987406,-0.080449,0.015910,0.135293
DJI_0415.JPG,-10.849477,-34.144067,14.128504,-0.990584,-0.015796,0.004153,0.135925
DJI_0416.JPG,-10.730118,-25.824387,14.234569,-0.990122,-0.011222,0.000281,0.139758
DJI_0417.JPG,-10.754956,-17.257125,14.138233,-0.989675,-0.010339,-0.002288,0.142940
DJI_0418.JPG,-10.898664,-9.281169,14.107666,-0.989268,-0.012643,-0.003729,0.145515
DJI_0419.JPG,-11.063363,-1.279621,14.072553,-0.988969,-0.015249,-0.004616,0.147265
DJI_0420.JPG,-11.205126,6.548309,14.028692,-0.988699,-0.016898,-0.004920,0.148877
DJI_0421.JPG,-11.302710,14.766634,14.063615,-0.988586,-0.018415,-0.005074,0.149443
DJI_0422.JPG,-13.552840,21.379409,13.890083,-0.987019,0.053265,-0.019981,0.150190
DJI_0423.JPG,-18.754668,27.271914,13.813980,-0.927068,0.343123,-0.054756,0.140760
DJI_0424.JPG,-23.968709,33.771809,14.099221,-0.776421,0.613465,-0.086009,0.115906
DJI_0425.JPG,-28.475480,40.121484,14.349182,-0.558562,0.818174,-0.109369,0.081476
DJI_0426.JPG,-32.984196,46.400021,14.426312,-0.282185,0.950405,-0.124634,0.039590
DJI_0427.JPG,-35.311561,49.085584,14.297980,-0.055571,0.989925,-0.130065,0.006516
DJI_0428.JPG,-34.592812,43.984662,14.248073,-0.018146,0.990723,-0.134661,0.002236
DJI_0429.JPG,-34.698857,35.765189,14.129878,-0.016498,0.990215,-0.138543,0.002815
DJI_0430.JPG,-34.903572,27.205874,14.163181,-0.014471,0.989794,-0.141739,0.002793
DJI_0431.JPG,-35.040037,19.076923,14.133368,-0.013544,0.989484,-0.143979,0.002760
DJI_0432.JPG,-34.951681,11.055380,14.111376,-0.012238,0.989274,-0.145528,0.002791
DJI_0433.JPG,-34.833874,3.061806,14.004153,-0.010090,0.989046,-0.147239,0.002570
DJI_0434.JPG,-34.754672,-4.267582,13.988830,-0.007741,0.988609,-0.150286,0.002450
DJI_0435.JPG,-35.980377,-4.670291,14.032493,-0.041753,0.987658,-0.150786,0.007169
DJI_0436.JPG,-40.990722,-0.384472,14.131774,-0.246962,0.957719,-0.143986,0.032430
DJI_0437.JPG,-48.146584,4.660589,14.180816,-0.495542,0.856881,-0.127231,0.063296
DJI_0438.JPG,-51.287108,7.444956,14.275131,-0.675225,0.725010,-0.104321,0.086880
DJI_0439.JPG,-45.180685,7.279540,14.499351,-0.704915,0.695613,-0.101631,0.094283
DJI_0440.JPG,-37.006127,6.814897,14.839642,-0.706921,0.693007,-0.102849,0.097087
DJI_0441.JPG,-28.560095,6.643604,15.076146,-0.707540,0.691963,-0.103752,0.099039
DJI_0442.JPG,-20.489916,6.506560,15.070275,-0.708465,0.690789,-0.103863,0.100501
DJI_0443.JPG,-12.286486,6.537789,15.247087,-0.712755,0.686372,-0.102701,0.101621
DJI_0444.JPG,-4.085667,6.548047,15.504789,-0.713339,0.685794,-0.102224,0.101903
DJI_0445.JPG,3.833201,6.626177,15.645235,-0.713319,0.685709,-0.102249,0.102587
DJI_0446.JPG,12.045351,6.714265,15.674057,-0.713522,0.685407,-0.101974,0.103468
DJI_0447.JPG,19.862180,6.812221,15.750244,-0.711915,0.686914,-0.101979,0.104530
DJI_0448.JPG,26.675193,3.005251,15.750334,-0.795154,0.588259,-0.089511,0.116918
DJI_0449.JPG,32.663291,-2.159293,15.808041,-0.941075,0.305668,-0.053639,0.134417
DJI_0450.JPG,39.211027,-7.373983,15.764375,-0.990132,0.004051,-0.011921,0.139573
DJI_0451.JPG,45.532811,-12.312147,15.687851,-0.941953,-0.307369,0.031005,0.131481
DJI_0452.JPG,52.206129,-16.819916,15.545099,-0.786471,-0.603510,0.076432,0.106755
DJI_0453.JPG,53.559140,-18.528332,15.568776,-0.695629,-0.705831,0.093924,0.095291
DJI_0454.JPG,48.948190,-18.149851,15.614755,-0.691806,-0.708686,0.098472,0.097325
DJI_0455.JPG,40.771554,-17.428789,15.667892,-0.690951,-0.708570,0.103070,0.099461
DJI_0456.JPG,32.088710,-17.194194,15.747480,-0.692416,-0.706488,0.106299,0.100682
DJI_0457.JPG,23.973825,-17.053869,15.787839,-0.692797,-0.705694,0.108440,0.101335
DJI_0458.JPG,16.151709,-16.952984,15.681220,-0.693953,-0.704250,0.109592,0.102231
DJI_0459.JPG,8.220610,-16.961031,15.544509,-0.695125,-0.702846,0.110331,0.103132
DJI_0460.JPG,-0.066641,-17.104521,15.520802,-0.697425,-0.700435,0.110475,0.103848
DJI_0461.JPG,-8.303810,-17.140540,15.478528,-0.699259,-0.698577,0.110266,0.104251
DJI_0462.JPG,-15.964686,-17.087448,15.347672,-0.700752,-0.696864,0.110668,0.105263
DJI_0463.JPG,-21.227420,-13.676775,15.287111,-0.720350,-0.676354,0.109917,0.107514
DJI_0464.JPG,-25.333253,-6.575161,15.206617,-0.842294,-0.517336,0.087458,0.123515
DJI_0465.JPG,-29.968063,0.374852,15.097617,-0.934886,-0.322866,0.057808,0.135661
DJI_0466.JPG,-34.585349,6.923953,15.045238,-0.985185,-0.093683,0.022458,0.141879
DJI_0467.JPG,-39.168011,13.605053,14.969012,-0.981910,0.126426,-0.010941,0.140533
DJI_0468.JPG,-43.550200,20.180839,14.757566,-0.931997,0.334669,-0.041356,0.132922
DJI_0469.JPG,-48.131178,26.781041,14.722599,-0.838532,0.527350,-0.068553,0.118602
DJI_0470.JPG,-50.382071,30.783862,14.823066,-0.732857,0.667205,-0.084918,0.102694
DJI_0471.JPG,-44.022924,30.404052,14.868251,-0.713646,0.687379,-0.090122,0.100486
DJI_0472.JPG,-35.300155,30.106244,14.962702,-0.710843,0.689894,-0.093255,0.100258
DJI_0473.JPG,-26.935738,30.154402,15.074435,-0.710527,0.689873,-0.095565,0.100467
DJI_0474.JPG,-18.944686,30.265653,15.212507,-0.710388,0.689791,-0.096995,0.100645
DJI_0475.JPG,-11.106830,30.416232,15.375270,-0.710616,0.689413,-0.098009,0.100644
DJI_0476.JPG,-3.054189,30.545400,15.453622,-0.711113,0.688822,-0.098668,0.100535
DJI_0477.JPG,4.914028,30.627603,15.475768,-0.712231,0.687583,-0.099139,0.100635
DJI_0478.JPG,13.049239,30.666607,15.548728,-0.713173,0.686553,-0.099233,0.100907
DJI_0479.JPG,20.446221,30.741652,15.695448,-0.713573,0.685696,-0.101303,0.101842
DJI_0480.JPG,23.056596,34.221691,15.807531,-0.686839,0.712425,-0.106962,0.096245
DJI_0481.JPG,23.184722,41.981847,15.814300,-0.605342,0.783179,-0.114586,0.084039
DJI_0482.JPG,24.405425,50.335540,15.870471,-0.488687,0.861135,-0.121501,0.069772
DJI_0483.JPG,83.028322,-11.082091,17.128277,-0.911842,-0.384105,0.052810,0.134976
DJI_0484.JPG,82.683292,-10.352321,17.412624,-0.911506,-0.384875,0.053038,0.134965
DJI_0485.JPG,80.751012,-8.613893,17.516242,-0.911341,-0.385055,0.053350,0.135441
DJI_0486.JPG,79.342092,-7.320505,17.561505,-0.911172,-0.385278,0.053557,0.135859
DJI_0487.JPG,77.056568,-5.171813,17.679113,-0.911086,-0.385419,0.053627,0.136011
DJI_0488.JPG,75.290162,-3.457968,17.684778,-0.910972,-0.385395,0.054028,0.136680
DJI_0489.JPG,72.983519,-1.014855,17.744489,-0.826112,-0.544202,0.075778,0.125063
DJI_0490.JPG,70.218744,0.778080,18.036075,-0.828282,-0.540712,0.078518,0.124154
DJI_0491.JPG,68.501417,1.388932,18.029985,-0.828754,-0.539929,0.078954,0.124135
DJI_0492.JPG,66.720794,2.213986,17.961418,-0.829148,-0.539366,0.079180,0.123810
DJI_0493.JPG,64.850112,3.069760,17.943437,-0.829442,-0.538962,0.079249,0.123557
DJI_0494.JPG,62.465894,4.166597,17.946712,-0.829806,-0.538415,0.079379,0.123409
DJI_0495.JPG,59.534041,5.508929,17.977794,-0.830107,-0.537798,0.080143,0.123581
DJI_0496.JPG,56.626996,6.822417,17.994432,-0.830380,-0.537337,0.080072,0.123796
DJI_0497.JPG,53.461880,8.214080,18.017053,-0.830646,-0.536921,0.079887,0.123939
DJI_0498.JPG,50.296573,9.599289,18.022659,-0.830841,-0.536677,0.079427,0.123984
DJI_0499.JPG,46.758286,11.051681,18.017733,-0.831240,-0.536104,0.079039,0.124039
DJI_0500.JPG,42.711507,12.679599,18.026583,-0.831542,-0.535652,0.078784,0.124134
